sweeping calibration...
starting at current temperature: 0x9B9
core temperature: 2489
partition number:
1 (1), 7 (7)
2 (2), 8 (8)
3 (3), 9 (9)
0 (0), A (10)
4 (4), B (11)
5 (5), C (12)
6 (6), D (13)
temperature readings:
6F97AE (7313326), 7251FA (7492090)
6C92DF (7115487), 6E08CD (7211213)
6E40C0 (7225536), 6D3104 (7155972)
7761DA (7823834), 74AC22 (7646242)
79A1A3 (7971235), 726FBA (7499706)
796FC5 (7958469), 745348 (7623496)
79DD95 (7986581), 7D4D14 (8211732)
placement results:
0 (0), 0 (0)
0 (0), 0 (0)
0 (0), 0 (0)
0 (0), 0 (0)
0 (0), 0 (0)
0 (0), 1 (1)
0 (0), 1 (1)
usage results:
0 (0), 0 (0)
0 (0), 0 (0)
0 (0), 0 (0)
0 (0), 0 (0)
0 (0), 0 (0)
0 (0), 0 (0)
0 (0), 0 (0)
core temperature: 2498
partition number:
1 (1), 7 (7)
2 (2), 8 (8)
3 (3), 9 (9)
0 (0), A (10)
4 (4), B (11)
5 (5), C (12)
6 (6), D (13)
temperature readings:
6F94A9 (7312553), 724F10 (7491344)
6C8F2E (7114542), 6E0543 (7210307)
6E3D5F (7224671), 6D2DAA (7155114)
775EFF (7823103), 74A8FD (7645437)
799E7C (7970428), 726C06 (7498758)
796C39 (7957561), 744FAF (7622575)
79DA61 (7985761), 7D4A2D (8210989)
placement results:
0 (0), 0 (0)
0 (0), 0 (0)
0 (0), 0 (0)
0 (0), 0 (0)
0 (0), 0 (0)
0 (0), 1 (1)
0 (0), 1 (1)
usage results:
0 (0), 0 (0)
0 (0), 0 (0)
0 (0), 0 (0)
0 (0), 0 (0)
0 (0), 0 (0)
0 (0), 0 (0)
0 (0), 0 (0)
core temperature: 2506
partition number:
1 (1), 7 (7)
2 (2), 8 (8)
3 (3), 9 (9)
0 (0), A (10)
4 (4), B (11)
5 (5), C (12)
6 (6), D (13)
temperature readings:
6F963B (7312955), 72504C (7491660)
6C915C (7115100), 6E077A (7210874)
6E3F76 (7225206), 6D2FEB (7155691)
776345 (7824197), 74AC4D (7646285)
79A064 (7970916), 726D61 (7499105)
796E90 (7958160), 7451AA (7623082)
79DD0C (7986444), 7D4CB7 (8211639)
placement results:
0 (0), 0 (0)
0 (0), 0 (0)
0 (0), 0 (0)
0 (0), 0 (0)
0 (0), 0 (0)
0 (0), 1 (1)
0 (0), 1 (1)
usage results:
0 (0), 0 (0)
0 (0), 0 (0)
0 (0), 0 (0)
0 (0), 0 (0)
0 (0), 0 (0)
0 (0), 0 (0)
0 (0), 0 (0)
core temperature: 2514
partition number:
1 (1), 7 (7)
2 (2), 8 (8)
3 (3), 9 (9)
0 (0), A (10)
4 (4), B (11)
5 (5), C (12)
6 (6), D (13)
temperature readings:
6F9348 (7312200), 724E3A (7491130)
6C8F7A (7114618), 6E065E (7210590)
6E3CD2 (7224530), 6D2DF9 (7155193)
7761DD (7823837), 74AADB (7645915)
799E51 (7970385), 726B32 (7498546)
796C6B (7957611), 744F5D (7622493)
79DB16 (7985942), 7D4A9B (8211099)
placement results:
0 (0), 0 (0)
0 (0), 0 (0)
0 (0), 0 (0)
0 (0), 0 (0)
0 (0), 0 (0)
0 (0), 1 (1)
0 (0), 1 (1)
usage results:
0 (0), 0 (0)
0 (0), 0 (0)
0 (0), 0 (0)
0 (0), 0 (0)
0 (0), 0 (0)
0 (0), 0 (0)
0 (0), 0 (0)
core temperature: 2522
partition number:
1 (1), 7 (7)
2 (2), 8 (8)
3 (3), 9 (9)
0 (0), A (10)
4 (4), B (11)
5 (5), C (12)
6 (6), D (13)
temperature readings:
6F8F96 (7311254), 724A18 (7490072)
6C8BBA (7113658), 6E0286 (7209606)
6E386A (7223402), 6D29B8 (7154104)
775FD0 (7823312), 74A785 (7645061)
799B09 (7969545), 7266ED (7497453)
7967B7 (7956407), 744AF0 (7621360)
79D76B (7985003), 7D46FE (8210174)
placement results:
0 (0), 0 (0)
0 (0), 0 (0)
0 (0), 0 (0)
0 (0), 0 (0)
0 (0), 0 (0)
0 (0), 1 (1)
0 (0), 1 (1)
usage results:
0 (0), 0 (0)
0 (0), 0 (0)
0 (0), 0 (0)
0 (0), 0 (0)
0 (0), 0 (0)
0 (0), 0 (0)
0 (0), 0 (0)
core temperature: 2530
partition number:
1 (1), 7 (7)
2 (2), 8 (8)
3 (3), 9 (9)
0 (0), A (10)
4 (4), B (11)
5 (5), C (12)
6 (6), D (13)
temperature readings:
6F8BB3 (7310259), 724604 (7489028)
6C871F (7112479), 6DFEC0 (7208640)
6E340B (7222283), 6D25BD (7153085)
775CB6 (7822518), 74A46E (7644270)
7995B1 (7968177), 7261FA (7496186)
7962EB (7955179), 744736 (7620406)
79D3F6 (7984118), 7D43D8 (8209368)
placement results:
0 (0), 0 (0)
0 (0), 0 (0)
0 (0), 0 (0)
0 (0), 0 (0)
0 (0), 0 (0)
0 (0), 1 (1)
0 (0), 1 (1)
usage results:
0 (0), 0 (0)
0 (0), 0 (0)
0 (0), 0 (0)
0 (0), 0 (0)
0 (0), 0 (0)
0 (0), 0 (0)
0 (0), 0 (0)
core temperature: 2538
partition number:
1 (1), 7 (7)
2 (2), 8 (8)
3 (3), 9 (9)
0 (0), A (10)
4 (4), B (11)
5 (5), C (12)
6 (6), D (13)
temperature readings:
6F8952 (7309650), 724475 (7488629)
6C8616 (7112214), 6DFE01 (7208449)
6E32C2 (7221954), 6D248C (7152780)
775C1D (7822365), 74A388 (7644040)
7994EF (7967983), 726019 (7495705)
7960C1 (7954625), 7444E3 (7619811)
79D297 (7983767), 7D4219 (8208921)
placement results:
0 (0), 0 (0)
0 (0), 0 (0)
0 (0), 0 (0)
0 (0), 0 (0)
0 (0), 0 (0)
0 (0), 1 (1)
0 (0), 1 (1)
usage results:
0 (0), 0 (0)
0 (0), 0 (0)
0 (0), 0 (0)
0 (0), 0 (0)
0 (0), 0 (0)
0 (0), 0 (0)
0 (0), 0 (0)
core temperature: 2546
partition number:
1 (1), 7 (7)
2 (2), 8 (8)
3 (3), 9 (9)
0 (0), A (10)
4 (4), B (11)
5 (5), C (12)
6 (6), D (13)
temperature readings:
6F8537 (7308599), 7240AB (7487659)
6C81AA (7111082), 6DFA22 (7207458)
6E2DA2 (7220642), 6D1FC7 (7151559)
7758C2 (7821506), 749EF4 (7642868)
7990D0 (7966928), 725B57 (7494487)
795C70 (7953520), 74401F (7618591)
79CE62 (7982690), 7D3DF4 (8207860)
placement results:
0 (0), 0 (0)
0 (0), 0 (0)
0 (0), 0 (0)
0 (0), 0 (0)
0 (0), 0 (0)
0 (0), 1 (1)
0 (0), 1 (1)
usage results:
0 (0), 0 (0)
0 (0), 0 (0)
0 (0), 0 (0)
0 (0), 0 (0)
0 (0), 0 (0)
0 (0), 0 (0)
0 (0), 0 (0)
core temperature: 2554
partition number:
1 (1), 7 (7)
2 (2), 8 (8)
3 (3), 9 (9)
0 (0), A (10)
4 (4), B (11)
5 (5), C (12)
6 (6), D (13)
temperature readings:
6F8123 (7307555), 723C89 (7486601)
6C7DCD (7110093), 6DF719 (7206681)
6E2A2F (7219759), 6D1CE3 (7150819)
775628 (7820840), 749C34 (7642164)
798D67 (7966055), 725816 (7493654)
7957C9 (7952329), 743BC6 (7617478)
79CA8E (7981710), 7D3A66 (8206950)
placement results:
0 (0), 0 (0)
0 (0), 0 (0)
0 (0), 0 (0)
0 (0), 0 (0)
0 (0), 0 (0)
0 (0), 1 (1)
0 (0), 1 (1)
usage results:
0 (0), 0 (0)
0 (0), 0 (0)
0 (0), 0 (0)
0 (0), 0 (0)
0 (0), 0 (0)
0 (0), 0 (0)
0 (0), 0 (0)
core temperature: 2562
partition number:
1 (1), 7 (7)
2 (2), 8 (8)
3 (3), 9 (9)
0 (0), A (10)
4 (4), B (11)
5 (5), C (12)
6 (6), D (13)
temperature readings:
6F7A67 (7305831), 72358A (7484810)
6C76B6 (7108278), 6DF000 (7204864)
6E2323 (7217955), 6D15EA (7149034)
775003 (7819267), 7495E4 (7640548)
7986E8 (7964392), 7250A5 (7491749)
795018 (7950360), 74346D (7615597)
79C43B (7980091), 7D344A (8205386)
placement results:
0 (0), 0 (0)
0 (0), 0 (0)
0 (0), 0 (0)
0 (0), 0 (0)
0 (0), 0 (0)
0 (0), 1 (1)
0 (0), 1 (1)
usage results:
0 (0), 0 (0)
0 (0), 0 (0)
0 (0), 0 (0)
0 (0), 0 (0)
0 (0), 0 (0)
0 (0), 0 (0)
0 (0), 0 (0)
core temperature: 2570
partition number:
1 (1), 7 (7)
2 (2), 8 (8)
3 (3), 9 (9)
0 (0), A (10)
4 (4), B (11)
5 (5), C (12)
6 (6), D (13)
temperature readings:
6F7566 (7304550), 7230ED (7483629)
6C7286 (7107206), 6DECB1 (7204017)
6E1E4F (7216719), 6D1203 (7148035)
774D52 (7818578), 749256 (7639638)
798177 (7962999), 724C3F (7490623)
794BDD (7949277), 743064 (7614564)
79BF59 (7978841), 7D2FA7 (8204199)
placement results:
0 (0), 0 (0)
0 (0), 0 (0)
0 (0), 0 (0)
0 (0), 0 (0)
0 (0), 0 (0)
0 (0), 1 (1)
0 (0), 1 (1)
usage results:
0 (0), 0 (0)
0 (0), 0 (0)
0 (0), 0 (0)
0 (0), 0 (0)
0 (0), 0 (0)
0 (0), 0 (0)
0 (0), 0 (0)
core temperature: 2578
partition number:
1 (1), 7 (7)
2 (2), 8 (8)
3 (3), 9 (9)
0 (0), A (10)
4 (4), B (11)
5 (5), C (12)
6 (6), D (13)
temperature readings:
6F6E45 (7302725), 7229EC (7481836)
6C6CBB (7105723), 6DE6A0 (7202464)
6E16FC (7214844), 6D0B1D (7146269)
7746C3 (7816899), 748B5D (7637853)
7979D0 (7961040), 72448C (7488652)
794510 (7947536), 742A23 (7612963)
79BA0D (7977485), 7D29F3 (8202739)
placement results:
0 (0), 0 (0)
0 (0), 0 (0)
0 (0), 0 (0)
0 (0), 0 (0)
0 (0), 0 (0)
0 (0), 1 (1)
0 (0), 1 (1)
usage results:
0 (0), 0 (0)
0 (0), 0 (0)
0 (0), 0 (0)
0 (0), 0 (0)
0 (0), 0 (0)
0 (0), 0 (0)
0 (0), 0 (0)
Initializing oscillators:
module 1 initialized
module 2 initialized
module 3 initialized
module 4 initialized
module 5 initialized
module 6 initialized
module 7 initialized
module 8 initialized
module 9 initialized
module 10 initialized
module 11 initialized
module 12 initialized
module 13 initialized
module 14 initialized

------------------------ XADC ring oscillator calibration -----------------------
print this menu --------------------------------------------------------------- m
print partition status -------------------------------------------------------- s
sweep temperature calibration (room temp to 80C) ------------------------------ c
cyclic sweep () --------------------------------------------------------------- e
test osc 0 at current temp ---------------------------------------------------- t
reset calibration time -------------------------------------------------------- r
set fan speed ----------------------------------------------------------------- f
display core temperature (diode) ---------------------------------------------- d
display core temperature (oscillator) ----------------------------------------- r
run algorithm once ------------------------------------------------------------ a
toggle all modules ------------------------------------------------------------ x
activate/deactivate module ---------------------------------------------------- v
---------------------------------------------------------------------------------

------------------------ XADC ring oscillator calibration -----------------------
print this menu --------------------------------------------------------------- m
print partition status -------------------------------------------------------- s
sweep temperature calibration (room temp to 80C) ------------------------------ c
cyclic sweep () --------------------------------------------------------------- e
test osc 0 at current temp ---------------------------------------------------- t
reset calibration time -------------------------------------------------------- r
set fan speed ----------------------------------------------------------------- f
display core temperature (diode) ---------------------------------------------- d
display core temperature (oscillator) ----------------------------------------- r
run algorithm once ------------------------------------------------------------ a
toggle all modules ------------------------------------------------------------ x
activate/deactivate module ---------------------------------------------------- v
---------------------------------------------------------------------------------
partition number:
1 (1), 7 (7)
2 (2), 8 (8)
3 (3), 9 (9)
0 (0), A (10)
4 (4), B (11)
5 (5), C (12)
6 (6), D (13)
temperature readings:
0 (0), 0 (0)
0 (0), 0 (0)
0 (0), 0 (0)
0 (0), 0 (0)
0 (0), 0 (0)
0 (0), 0 (0)
0 (0), 0 (0)
placement results:
0 (0), 0 (0)
0 (0), 0 (0)
0 (0), 0 (0)
0 (0), 0 (0)
0 (0), 0 (0)
0 (0), 0 (0)
0 (0), 0 (0)
usage results:
0 (0), 0 (0)
0 (0), 0 (0)
0 (0), 0 (0)
0 (0), 0 (0)
0 (0), 0 (0)
0 (0), 0 (0)
0 (0), 0 (0)
Select oscillator:  Selected oscillator 13
Select oscillator:  Selected oscillator 13
Select oscillator:  Selected oscillator 13
partition number:
1 (1), 7 (7)
2 (2), 8 (8)
3 (3), 9 (9)
0 (0), A (10)
4 (4), B (11)
5 (5), C (12)
6 (6), D (13)
temperature readings:
0 (0), 0 (0)
0 (0), 0 (0)
0 (0), 0 (0)
0 (0), 0 (0)
0 (0), 0 (0)
0 (0), 0 (0)
0 (0), 0 (0)
placement results:
0 (0), 0 (0)
0 (0), 0 (0)
0 (0), 0 (0)
0 (0), 0 (0)
0 (0), 0 (0)
0 (0), 0 (0)
0 (0), 1 (1)
usage results:
0 (0), 0 (0)
0 (0), 0 (0)
0 (0), 0 (0)
0 (0), 0 (0)
0 (0), 0 (0)
0 (0), 0 (0)
0 (0), 0 (0)
core temperature: 9F4 (40773)
core temperature: 9F6 (40800)
core temperature: 9F6 (40803)
core temperature: 9F5 (40789)
core temperature: 9F4 (40780)
core temperature: 9F4 (40781)
core temperature: 9F4 (40768)
core temperature: 9F3 (40760)
core temperature: 9F4 (40769)
core temperature: 9F2 (40751)
core temperature: 9F3 (40765)
core temperature: 9F3 (40757)
core temperature: 9F2 (40749)
core temperature: 9F2 (40739)
core temperature: 9F2 (40737)
core temperature: 9F1 (40735)
core temperature: 9F1 (40728)
core temperature: 9BB (39865)
core temperature: 9B9 (39832)
core temperature: 9B8 (39822)
core temperature: 9BA (39842)
core temperature: 9BA (39842)
core temperature: 9B9 (39834)
core temperature: 9B9 (39834)
core temperature: 9BA (39848)
core temperature: 9B9 (39838)
core temperature: 9B9 (39833)
core temperature: 9B9 (39830)
partition number:
1 (1), 7 (7)
2 (2), 8 (8)
3 (3), 9 (9)
0 (0), A (10)
4 (4), B (11)
5 (5), C (12)
6 (6), D (13)
temperature readings:
0 (0), 0 (0)
0 (0), 0 (0)
0 (0), 0 (0)
0 (0), 0 (0)
0 (0), 0 (0)
0 (0), 0 (0)
0 (0), 0 (0)
placement results:
0 (0), 0 (0)
0 (0), 0 (0)
0 (0), 0 (0)
0 (0), 0 (0)
0 (0), 0 (0)
0 (0), 0 (0)
0 (0), 1 (1)
usage results:
0 (0), 0 (0)
0 (0), 0 (0)
0 (0), 0 (0)
0 (0), 0 (0)
0 (0), 0 (0)
0 (0), 0 (0)
0 (0), 0 (0)
sweeping calibration...
starting at current temperature: 0x9BB
core temperature: 2491
partition number:
1 (1), 7 (7)
2 (2), 8 (8)
3 (3), 9 (9)
0 (0), A (10)
4 (4), B (11)
5 (5), C (12)
6 (6), D (13)
temperature readings:
6F96B0 (7313072), 72516C (7491948)
6C9164 (7115108), 6E074B (7210827)
6E3F1E (7225118), 6D2F30 (7155504)
776072 (7823474), 74A96E (7645550)
79A044 (7970884), 726EFD (7499517)
796DAF (7957935), 74519E (7623070)
79DC3C (7986236), 7D4CF4 (8211700)
placement results:
0 (0), 0 (0)
0 (0), 0 (0)
0 (0), 0 (0)
0 (0), 0 (0)
0 (0), 0 (0)
0 (0), 0 (0)
0 (0), 1 (1)
usage results:
0 (0), 0 (0)
0 (0), 0 (0)
0 (0), 0 (0)
0 (0), 0 (0)
0 (0), 0 (0)
0 (0), 0 (0)
0 (0), 0 (0)
core temperature: 2499
partition number:
1 (1), 7 (7)
2 (2), 8 (8)
3 (3), 9 (9)
0 (0), A (10)
4 (4), B (11)
5 (5), C (12)
6 (6), D (13)
temperature readings:
6F95E9 (7312873), 7250B5 (7491765)
6C90FF (7115007), 6E0705 (7210757)
6E3E6A (7224938), 6D2EEE (7155438)
77616D (7823725), 74AA70 (7645808)
799FF7 (7970807), 726E25 (7499301)
796D40 (7957824), 7450C1 (7622849)
79DBCE (7986126), 7D4CD3 (8211667)
placement results:
0 (0), 0 (0)
0 (0), 0 (0)
0 (0), 0 (0)
0 (0), 0 (0)
0 (0), 0 (0)
0 (0), 0 (0)
0 (0), 1 (1)
usage results:
0 (0), 0 (0)
0 (0), 0 (0)
0 (0), 0 (0)
0 (0), 0 (0)
0 (0), 0 (0)
0 (0), 0 (0)
0 (0), 0 (0)
core temperature: 2507
partition number:
1 (1), 7 (7)
2 (2), 8 (8)
3 (3), 9 (9)
0 (0), A (10)
4 (4), B (11)
5 (5), C (12)
6 (6), D (13)
temperature readings:
6F981C (7313436), 72539C (7492508)
6C93FC (7115772), 6E0A85 (7211653)
6E40E4 (7225572), 6D3155 (7156053)
7765CE (7824846), 74AE00 (7646720)
79A2FA (7971578), 727048 (7499848)
796F45 (7958341), 7452A7 (7623335)
79DF35 (7986997), 7D5067 (8212583)
placement results:
0 (0), 0 (0)
0 (0), 0 (0)
0 (0), 0 (0)
0 (0), 0 (0)
0 (0), 0 (0)
0 (0), 0 (0)
0 (0), 1 (1)
usage results:
0 (0), 0 (0)
0 (0), 0 (0)
0 (0), 0 (0)
0 (0), 0 (0)
0 (0), 0 (0)
0 (0), 0 (0)
0 (0), 0 (0)
core temperature: 2515
partition number:
1 (1), 7 (7)
2 (2), 8 (8)
3 (3), 9 (9)
0 (0), A (10)
4 (4), B (11)
5 (5), C (12)
6 (6), D (13)
temperature readings:
6F93DA (7312346), 724F42 (7491394)
6C9034 (7114804), 6E0734 (7210804)
6E3D3F (7224639), 6D2E6C (7155308)
7763B5 (7824309), 74AAFF (7645951)
799FBB (7970747), 726CF9 (7499001)
796BCD (7957453), 744F22 (7622434)
79DCAC (7986348), 7D4DF5 (8211957)
placement results:
0 (0), 0 (0)
0 (0), 0 (0)
0 (0), 0 (0)
0 (0), 0 (0)
0 (0), 0 (0)
0 (0), 0 (0)
0 (0), 1 (1)
usage results:
0 (0), 0 (0)
0 (0), 0 (0)
0 (0), 0 (0)
0 (0), 0 (0)
0 (0), 0 (0)
0 (0), 0 (0)
0 (0), 0 (0)
core temperature: 2523
partition number:
1 (1), 7 (7)
2 (2), 8 (8)
3 (3), 9 (9)
0 (0), A (10)
4 (4), B (11)
5 (5), C (12)
6 (6), D (13)
temperature readings:
6F91DC (7311836), 724D1F (7490847)
6C8EA1 (7114401), 6E0605 (7210501)
6E3AD0 (7224016), 6D2C62 (7154786)
776296 (7824022), 74A96A (7645546)
799DE9 (7970281), 726A63 (7498339)
7969BD (7956925), 744CCF (7621839)
79DA85 (7985797), 7D4C0B (8211467)
placement results:
0 (0), 0 (0)
0 (0), 0 (0)
0 (0), 0 (0)
0 (0), 0 (0)
0 (0), 0 (0)
0 (0), 0 (0)
0 (0), 1 (1)
usage results:
0 (0), 0 (0)
0 (0), 0 (0)
0 (0), 0 (0)
0 (0), 0 (0)
0 (0), 0 (0)
0 (0), 0 (0)
0 (0), 0 (0)
core temperature: 2531
partition number:
1 (1), 7 (7)
2 (2), 8 (8)
3 (3), 9 (9)
0 (0), A (10)
4 (4), B (11)
5 (5), C (12)
6 (6), D (13)
temperature readings:
6F8C25 (7310373), 7247BA (7489466)
6C88F7 (7112951), 6E008A (7209098)
6E34DF (7222495), 6D26E2 (7153378)
775E06 (7822854), 74A45D (7644253)
79970B (7968523), 726352 (7496530)
796400 (7955456), 7446D5 (7620309)
79D4EA (7984362), 7D45E2 (8209890)
placement results:
0 (0), 0 (0)
0 (0), 0 (0)
0 (0), 0 (0)
0 (0), 0 (0)
0 (0), 0 (0)
0 (0), 0 (0)
0 (0), 1 (1)
usage results:
0 (0), 0 (0)
0 (0), 0 (0)
0 (0), 0 (0)
0 (0), 0 (0)
0 (0), 0 (0)
0 (0), 0 (0)
0 (0), 0 (0)
core temperature: 2539
partition number:
1 (1), 7 (7)
2 (2), 8 (8)
3 (3), 9 (9)
0 (0), A (10)
4 (4), B (11)
5 (5), C (12)
6 (6), D (13)
temperature readings:
6F89F6 (7309814), 72455B (7488859)
6C860F (7112207), 6DFE71 (7208561)
6E3348 (7222088), 6D259F (7153055)
775D4D (7822669), 74A379 (7644025)
799591 (7968145), 72613F (7495999)
79613C (7954748), 7443EE (7619566)
79D2FC (7983868), 7D447C (8209532)
placement results:
0 (0), 0 (0)
0 (0), 0 (0)
0 (0), 0 (0)
0 (0), 0 (0)
0 (0), 0 (0)
0 (0), 0 (0)
0 (0), 1 (1)
usage results:
0 (0), 0 (0)
0 (0), 0 (0)
0 (0), 0 (0)
0 (0), 0 (0)
0 (0), 0 (0)
0 (0), 0 (0)
0 (0), 0 (0)
core temperature: 2547
partition number:
1 (1), 7 (7)
2 (2), 8 (8)
3 (3), 9 (9)
0 (0), A (10)
4 (4), B (11)
5 (5), C (12)
6 (6), D (13)
temperature readings:
6F8AD2 (7310034), 724658 (7489112)
6C8796 (7112598), 6DFFE7 (7208935)
6E33AA (7222186), 6D261E (7153182)
775FF8 (7823352), 74A4B3 (7644339)
79966E (7968366), 726179 (7496057)
7961AF (7954863), 744435 (7619637)
79D34C (7983948), 7D447F (8209535)
placement results:
0 (0), 0 (0)
0 (0), 0 (0)
0 (0), 0 (0)
0 (0), 0 (0)
0 (0), 0 (0)
0 (0), 0 (0)
0 (0), 1 (1)
usage results:
0 (0), 0 (0)
0 (0), 0 (0)
0 (0), 0 (0)
0 (0), 0 (0)
0 (0), 0 (0)
0 (0), 0 (0)
0 (0), 0 (0)
core temperature: 2555
partition number:
1 (1), 7 (7)
2 (2), 8 (8)
3 (3), 9 (9)
0 (0), A (10)
4 (4), B (11)
5 (5), C (12)
6 (6), D (13)
temperature readings:
6F8012 (7307282), 723B87 (7486343)
6C7CF3 (7109875), 6DF56D (7206253)
6E287F (7219327), 6D1B5C (7150428)
7755B7 (7820727), 749A47 (7641671)
798A89 (7965321), 725660 (7493216)
79567B (7951995), 74395A (7616858)
79C8F7 (7981303), 7D398E (8206734)
placement results:
0 (0), 0 (0)
0 (0), 0 (0)
0 (0), 0 (0)
0 (0), 0 (0)
0 (0), 0 (0)
0 (0), 0 (0)
0 (0), 1 (1)
usage results:
0 (0), 0 (0)
0 (0), 0 (0)
0 (0), 0 (0)
0 (0), 0 (0)
0 (0), 0 (0)
0 (0), 0 (0)
0 (0), 0 (0)
core temperature: 2563
partition number:
1 (1), 7 (7)
2 (2), 8 (8)
3 (3), 9 (9)
0 (0), A (10)
4 (4), B (11)
5 (5), C (12)
6 (6), D (13)
temperature readings:
6F7CB1 (7306417), 723862 (7485538)
6C7A77 (7109239), 6DF3A8 (7205800)
6E25F0 (7218672), 6D1989 (7149961)
775363 (7820131), 7497F0 (7641072)
79889D (7964829), 7253DA (7492570)
7954B1 (7951537), 7436F5 (7616245)
79C675 (7980661), 7D3738 (8206136)
placement results:
0 (0), 0 (0)
0 (0), 0 (0)
0 (0), 0 (0)
0 (0), 0 (0)
0 (0), 0 (0)
0 (0), 0 (0)
0 (0), 1 (1)
usage results:
0 (0), 0 (0)
0 (0), 0 (0)
0 (0), 0 (0)
0 (0), 0 (0)
0 (0), 0 (0)
0 (0), 0 (0)
0 (0), 0 (0)
core temperature: 2571
partition number:
1 (1), 7 (7)
2 (2), 8 (8)
3 (3), 9 (9)
0 (0), A (10)
4 (4), B (11)
5 (5), C (12)
6 (6), D (13)
temperature readings:
6F74E5 (7304421), 723066 (7483494)
6C7265 (7107173), 6DEC44 (7203908)
6E1DB2 (7216562), 6D1169 (7147881)
774CD6 (7818454), 7490F8 (7639288)
797FFA (7962618), 724B22 (7490338)
794AEF (7949039), 742D83 (7613827)
79BDF6 (7978486), 7D2F10 (8204048)
placement results:
0 (0), 0 (0)
0 (0), 0 (0)
0 (0), 0 (0)
0 (0), 0 (0)
0 (0), 0 (0)
0 (0), 0 (0)
0 (0), 1 (1)
usage results:
0 (0), 0 (0)
0 (0), 0 (0)
0 (0), 0 (0)
0 (0), 0 (0)
0 (0), 0 (0)
0 (0), 0 (0)
0 (0), 0 (0)
core temperature: 2579
partition number:
1 (1), 7 (7)
2 (2), 8 (8)
3 (3), 9 (9)
0 (0), A (10)
4 (4), B (11)
5 (5), C (12)
6 (6), D (13)
temperature readings:
6F6FF7 (7303159), 722B96 (7482262)
6C6E92 (7106194), 6DE8E8 (7203048)
6E183D (7215165), 6D0C32 (7146546)
7748D0 (7817424), 748D60 (7638368)
797AAF (7961263), 7245DF (7488991)
7945D0 (7947728), 742782 (7612290)
79BA50 (7977552), 7D2C57 (8203351)
placement results:
0 (0), 0 (0)
0 (0), 0 (0)
0 (0), 0 (0)
0 (0), 0 (0)
0 (0), 0 (0)
0 (0), 0 (0)
0 (0), 1 (1)
usage results:
0 (0), 0 (0)
0 (0), 0 (0)
0 (0), 0 (0)
0 (0), 0 (0)
0 (0), 0 (0)
0 (0), 0 (0)
0 (0), 0 (0)